$ANSIBLE_VAULT;1.1;AES256
65366533383434653862373838356538376662393733323937633536653661363364386466386164
3434656138303231373264336463653439663464336234330a323862663162663032663639633839
64626436306131326565363466663236613031346233313665663038383733346566656135386463
6163323231323764640a353430313633383630303330353939666161656465663130626366376137
63393130663130653666643964313563643866656630303632643732346465623266343566316131
38363833303535376564366362613966666233313637633066396166653261386164376439643136
34666236643936613239326130303636303333336632323735343662323436383834653137623139
61366130666362393832616261653430613538343438613237656634386635343563393563303365
38373263306536323364316164323535636162656664666436376339313061386233636137376332
38353237373039373739353538663830303861343834666139653764633966356136623065353436
64633966666561336335366462633463376265613930373337326635306130663230623532663435
38613637656230346432313537346463333731323866346139323434383936386431613565613430
30643335336532373666633534316163356463613330353533363765356138653634613233336230
34626565336364643434303835306232663433633035316163363738353035393430613134316364
39376133326639353361386139633538333137363233323765666337366563303232636464343561
33613133326231396632663761306537333239613139633333356233626138656532343432303865
35356433653035366631613938386435623130313037353936393864363830393731653731643733
62663766383465313738633038633963656236343432373034656366313534653561346137386135
38333566393832343530343563303936613739613631373039306530373231623330633865613032
35636436333361616264663634373761656639373964346237333137366364356662356537373039
30383436633466623363626166316138383463333066353131343065306232663538353730323062
66323538343765383636643532363866333738306434346530336630326531393366326439353336
31646533616530366331373963623732376132633263623562376439366438636466373231316239
64663930333331306265653235383139623066633638646265623136663439313034353565313338
36616132643036306330313636316136623033316230303537386161336236616238633032653736
33643666353233323063616466616632636665333739323636343030326533616235643565396235
65366464303439633864303566326365623239373364353365633035616561323534386232636430
64373633353431376362616238626333663030613337666631636538356533323533353763613431
36363236653030356539396466373731623162343931373064633537643931353939326632663461
65633435613636613639323434616362326363356665363138303465353864356165373062613666
65363266663433383737396564363131326139653066393766646339396230633334303961383863
66343964626436313735366164333331366231646165326332356630653033386664626137393866
64623563326632636461646133636333316162323030636132616665623666383231303936333735
65346264343734383634373837633730343835356331333938306638656432353130383061353331
33383966363737633638333231396666323831336165303761643036616531653465346238623237
64646430313061663465373566386533626232653565376230383330323464636463653732343366
30343035653065353365333633613336353663396135303036383032643866323534353263386331
64326332353436666462633838326264663766656463383136353865393432343533303331366438
65656230613238616131616332366463343033353265346439626564363263666334323033343165
62346231316462313633376438666131633836323664396164656665316238613030343838646234
64383137633438383035323533636438326532613766373961616363633233333861656631653364
64376238383262623133373531613738366336366364313330633833356661373739343163643663
37636662346237663263313036303334386362636666616463383762666635653330653465346431
36373335373439366566633636633266306563343836616438663863623666326335636531656634
64333835303262376264663836656564336236663433356661306661626535333037666464313932
36643938613932646164636163303938626361343833333265303263363936646235326566373231
36633838396565623533393739646233386665393863393934363763323237313731373433383733
37636537646465623366313533353831376435313533616233346466333436353939366562343365
66653065323564633361346562373237356639316162626265656465633938366130376237313261
39323764336435313661643439636266636464636130653862613562623831626563313938663035
32373566636531363862373932366139373861633863326631633164626530613431643962616566
35636231343865343930323334633538643339623736373833636231373239633731646438323037
39383031323533366437663362623564623931643064633336653939393534636330653561613239
61316463353063396362663632386535613565366261646130306430646565363163376338383732
63353664373730333965346433363261666232616230623865623334346634303838363461336664
63613336326332363766363161383131653832323063383438303237666566666435323633656136
64666335366630666239323463656635336561393362623432623161323963383838333363353461
65616537366466366332336565643231653530626335373462626331383163373531343333383130
35643263633033393136386438303738656139343064643736306332626234303863393531616661
64333838326637393433303135346532613461653632353937373435386465396264383133383532
35393865643038373339636630616364323139333839333833353932633233646362323834343135
61353361653264396239346232383963376437323539363639303737306537656163646663303862
64353037336230633365346164323865643533346630313632303731366562346465343031323932
63636336303161353662393634356336323166303439626434626162616163396631623663643038
65313562633732633337333636663736383237323363353564343730326631316362623461386264
66616338303433396635343235313732363031366336323833396165326232366130393734396463
32326461313762663961353139636133353636643664313466613962633239316339353835643538
61393135623662313865363336313666643035313735303365326432613631396163393730623761
37353637386335613438356537663034326632306138623334663935346138336138313765303262
32356233663039303632343139623432356539666238366531353363623463633635346130616536
34313362613032366631386537623065636238393339643031363335626437663338316232313639
61346439366136393764623666363935313834376363633033303662646535306666653835373136
32386466376137326433626263636635396232316362343539316232656437646561366435306566
38353336653161343835366434616236303865363336613461323162643062643663303738336661
39666431646136613638383130303763623462613261666261333235666433656332363332396162
63643861396164663037626335613763633864363730663063313536303234626339323636353366
38333735323565626161323761306464393761373133623331383463336366363339373039326562
32663265356531643731323535623031616566653438363062363734636137613538353937303630
38323037343831303866653864646237643339313163353434353039666431666562303632303134
37396463323662373632333462316230383865383033636238353761373137646332653339373130
65333262646231343536356436323164333831353937306265393365306230613261656537363234
35633163626331376333353934626239333834623536326563386637396564643165363966613762
63303139303036666332363334396264623964353534353166333131326231363339343036383039
31396261616663336334343637376438323034636339636232636530333434313862653365366430
30323031373230643963626661643934343939353633336263326263623838633132623365646237
66326335393035623762303966663637636566613264373838653437373631643538366239663763
36393262376331653765393461393438653531343632616338633638656536376138313565656230
61643436356164366135356530313238303337383537333735646533383261613434653630633431
39353938313731613338303166643964346431613366303965643936353366646166626663666566
65323530363163333138636161636162333731653634656539643531386539353530633539393366
66326433333065316131666532326530633733373863663837353664653233343332316635326130
39336462383762616437643265373335353565373562663566613136643932363631623336613061
34653937393166343639616435363039636361623839343931323739303037393435346464383333
65363962646464613036373535383138366261336230383535656561626230366165633339323332
65303739393138643936353864383965643130633266303539396566326235666530316431326335
35386638313430343738373162323231633931663835336462326437393039623565393437343830
39663933643834343362316465303065396636326266646563323033633734613165363964613865
39656263313562623066396466653134306466386130353037396333653766366532353263346536
66343031336530646337343739313732616635633461353661326433356436663838383632316432
61646330633934353431323539663765646437623733313536303335636133623236393337633534
33346536623562383861323933343633666534336164316631613835306166356361373534353730
65316165373832326133343861373832343430653764633634663136623330303532373733363936
61666436396438666164643764643133376234376437666565616562366539633136386631346239
35613934643332633934633939326162306565623633363166653539333937373866386332333561
30336266383266316564303961326562616439623330353932316336343163653838663333383339
35623561633261323663366233653365363564393831616462316138626335343436623134326161
62383364323830643532353039613764383830396666643632303064346638633161386464356666
64656466616436353036376362663064306230383734383333623966643763383264393262633063
37303135333139316439666538613131303366623535343333633933316265333437366634616338
36633935623134623634653235373735333838306264626131396263653065393639666463623034
36383938643231653565313338353835323333643632626639383135396135336330646331656362
65303030363938353063
